-99.500000	0.364510
-99.500000	0.363930
-99.500000	0.363320
-99.500000	0.362670
-99.500000	0.362040
-99.500000	0.361410
-99.500000	0.360780
-99.500000	0.360210
-99.500000	0.359690
-99.500000	0.359270
-99.500000	0.358970
-99.500000	0.358740
-99.500000	0.358520
-99.500000	0.358280
-99.500000	0.358000
-99.500000	0.357670
-99.500000	0.357280
-99.500000	0.356820
-99.500000	0.356310
-99.500000	0.355780
-99.500000	0.355230
-99.500000	0.354650
-99.500000	0.354090
-99.500000	0.353520
-99.500000	0.352940
-99.500000	0.352350
-99.500000	0.351780
-99.500000	0.351200
-99.500000	0.350590
-99.500000	0.350000
-99.500000	0.349400
-99.500000	0.348800
-99.500000	0.348190
-99.500000	0.347600
-99.500000	0.347020
-99.500000	0.346430
-99.500000	0.345860
-99.500000	0.345300
-99.500000	0.344750
-99.500000	0.344200
-99.500000	0.343670
-99.500000	0.343130
-99.500000	0.342600
-99.500000	0.342090
-99.500000	0.341580
-99.500000	0.341070
-99.500000	0.340570
-99.500000	0.340100
-99.500000	0.339620
-99.500000	0.339150
-99.500000	0.338670
-99.500000	0.338230
-99.500000	0.337800
-99.500000	0.337370
-99.500000	0.336930
-99.500000	0.336510
-99.500000	0.336110
-99.500000	0.335710
-99.500000	0.335320
-99.500000	0.334920
-99.500000	0.334530
-99.500000	0.334170
-99.500000	0.333800
-99.500000	0.333440
-99.500000	0.333080
-99.500000	0.332730
-99.500000	0.332390
-99.500000	0.332060
-99.500000	0.331730
-99.500000	0.331420
-99.500000	0.331100
-99.500000	0.330790
-99.500000	0.330480
-99.500000	0.330200
-99.500000	0.329910
-99.500000	0.329630
-99.500000	0.329360
-99.500000	0.329090
-99.500000	0.328820
-99.500000	0.328560
-99.500000	0.328310
-99.500000	0.328060
-99.500000	0.327830
-99.500000	0.327590
-99.500000	0.327360
-99.500000	0.327140
-99.500000	0.326910
-99.500000	0.326690
-99.500000	0.326460
-99.500000	0.326250
-99.500000	0.326040
-99.500000	0.325830
-99.500000	0.325620
-99.500000	0.325410
-99.500000	0.325190
-99.500000	0.324980
-99.500000	0.324760
-99.500000	0.324550
-99.500000	0.324330
-99.500000	0.324130
-99.500000	0.323920
-99.500000	0.323720
-99.500000	0.323510
-99.500000	0.323310
-99.500000	0.323100
-99.500000	0.322900
-99.500000	0.322690
-99.500000	0.322480
-99.500000	0.322280
-99.500000	0.322090
-99.500000	0.321890
-99.500000	0.321700
-99.500000	0.321510
-99.500000	0.321310
-99.500000	0.321120
-99.500000	0.320920
-99.500000	0.320730
-99.500000	0.320540
-99.500000	0.320360
-99.500000	0.320180
-99.500000	0.320000
-99.500000	0.319820
-99.500000	0.319640
-99.500000	0.319460
-99.500000	0.319280
-99.500000	0.319100
-99.500000	0.318930
-99.500000	0.318750
-99.500000	0.318580
-99.500000	0.318400
-99.500000	0.318240
-99.500000	0.318080
-99.500000	0.317920
-99.500000	0.317760
-99.500000	0.317600
-99.500000	0.317440
-99.500000	0.317290
-99.500000	0.317140
-99.500000	0.316980
-99.500000	0.316830
-99.500000	0.316670
-99.500000	0.316520
-99.500000	0.316380
-99.500000	0.316230
-99.500000	0.316090
-99.500000	0.315950
-99.500000	0.315810
-99.500000	0.315670
-99.500000	0.315530
-99.500000	0.315390
-99.500000	0.315260
