# Command: vsel -p soilevaporation sav.out
# this is soilevaporation
60.000000	0.002760
61.000000	0.002760
62.000000	0.002960
63.000000	0.001990
64.000000	0.001450
65.000000	0.002680
66.000000	0.000160
67.000000	0.000480
68.000000	0.000940
69.000000	0.005690
70.000000	0.005900
71.000000	0.000000
72.000000	0.003360
73.000000	0.005260
74.000000	0.005800
75.000000	0.006550
76.000000	0.003330
77.000000	0.000600
78.000000	0.000930
79.000000	0.001220
80.000000	0.001020
81.000000	0.000700
82.000000	0.001370
83.000000	0.003030
84.000000	0.004260
85.000000	0.006680
86.000000	0.006480
87.000000	0.005860
88.000000	0.007440
89.000000	0.007610
90.000000	0.001130
91.000000	0.004190
92.000000	0.004340
93.000000	0.007200
94.000000	0.006200
95.000000	0.005340
96.000000	0.008180
97.000000	0.008600
98.000000	0.009690
99.000000	0.009660
100.000000	0.008800
101.000000	0.008440
102.000000	0.008980
103.000000	0.009090
104.000000	0.008030
105.000000	0.003650
106.000000	0.007360
107.000000	0.007060
108.000000	0.009350
109.000000	0.008900
110.000000	0.009000
111.000000	0.009760
112.000000	0.010380
113.000000	0.010270
114.000000	0.009960
115.000000	0.001450
116.000000	0.006780
117.000000	0.006530
118.000000	0.005540
119.000000	0.009900
120.000000	0.002270
121.000000	0.005670
122.000000	0.005800
123.000000	0.006840
124.000000	0.008840
125.000000	0.007460
126.000000	0.006180
127.000000	0.005650
128.000000	0.008710
129.000000	0.010550
130.000000	0.003810
131.000000	0.005960
132.000000	0.006800
133.000000	0.006930
134.000000	0.008920
135.000000	0.011420
136.000000	0.012070
137.000000	0.006430
138.000000	0.000500
139.000000	0.007170
140.000000	0.007520
141.000000	0.011550
142.000000	0.006560
143.000000	0.007020
144.000000	0.012540
145.000000	0.013270
146.000000	0.013260
147.000000	0.010740
148.000000	0.012410
149.000000	0.005240
150.000000	0.011660
151.000000	0.008190
152.000000	0.009060
153.000000	0.011980
154.000000	0.002250
155.000000	0.010050
156.000000	0.010020
157.000000	0.009100
158.000000	0.006970
159.000000	0.011680
160.000000	0.007870
161.000000	0.012820
162.000000	0.012300
163.000000	0.013210
164.000000	0.009320
165.000000	0.010950
166.000000	0.012500
167.000000	0.013050
168.000000	0.013640
169.000000	0.014190
170.000000	0.014260
171.000000	0.013680
172.000000	0.013130
173.000000	0.012950
174.000000	0.009110
175.000000	0.009900
176.000000	0.009840
177.000000	0.005120
178.000000	0.003390
179.000000	0.005170
180.000000	0.005450
181.000000	0.003940
182.000000	0.004520
183.000000	0.003760
184.000000	0.007760
185.000000	0.013090
186.000000	0.012850
187.000000	0.008910
188.000000	0.013150
189.000000	0.009010
190.000000	0.007130
191.000000	0.006780
192.000000	0.009980
193.000000	0.005520
194.000000	0.005100
195.000000	0.011660
196.000000	0.012700
197.000000	0.012970
198.000000	0.013390
199.000000	0.012600
200.000000	0.005360
201.000000	0.010230
202.000000	0.005740
203.000000	0.003800
204.000000	0.005430
205.000000	0.008630
