61 7.2 0 3.8 150 56 9 55.6
62 7.8 0.2 3.8 70.833 70.8 5.8 55.5
63 7.9 13.2 2 29.167 89.3 2 56.4
64 5.2 8.4 2.7 41.667 93 4.3 56.5
65 6.2 0.2 3.6 66.667 81.5 6 56.5
66 5.6 4.8 2.4 79.167 79.3 7.8 56.5
67 8.9 2.6 2.6 37.5 90.5 3.5 56.5
68 11.2 0.4 3 62.5 88.8 5 56.5
69 8.8 0 1.7 137.5 77.5 8.5 56.5
70 8.1 0 1.4 154.17 61.8 9.8 56.5
71 8.3 0 1.7 175 64.8 8.8 56.5
72 8.2 0 2.6 83.333 81.5 8.3 56.5
73 7.5 0 1.9 125 80.3 8.5 56.1
74 10.7 0 1.1 120.83 71.8 9 56.2
75 10.3 0 1.2 195.83 58.8 9.8 56.4
76 8.6 0 3.2 125 63.5 8.5 56.1
77 9.6 0.8 5.1 45.833 87.8 5 56
78 10.8 0 4.4 75 76 6.5 56
79 10.3 0 1.8 66.667 79 6 56
80 7.8 0.2 2.5 116.67 62.5 9.3 56
81 6.7 0 4.1 158.33 55 8.5 55.8
82 8.5 5.6 3.1 120.83 66.5 8 55.9
83 9.4 0 2.9 112.5 78 7 56.5
84 9.1 0 5.2 220.83 59.8 10.8 56.2
85 9.5 0 3.3 216.67 54.5 10.3 56
86 9.9 0 1.5 229.17 53.8 10.8 56
87 11.3 0.8 1.3 187.5 58.3 10.5 56
88 12.2 0 1 154.17 55.5 9.3 56
89 14.1 0 2.7 220.83 50.3 10 56
90 13 0.2 1.4 137.5 65 9.8 56
91 10.8 0.4 1.2 162.5 65.8 10 56
92 9.9 0 1.7 233.33 63.8 11 56
93 10.1 0 1.1 229.17 52.5 10.5 56
94 10 0 2 162.5 69.3 10.3 56
95 9.6 0 3.2 145.83 72.5 8.5 56
96 7.6 0 2.4 204.17 59 10.8 55.8
97 8.7 0 1.1 245.83 56 11 55.5
98 9.6 0 1.4 254.17 60.3 11.3 55.4
99 12.8 0 0.9 266.67 42.5 11.5 55.3
100 10.5 0 2.3 175 66.8 10.3 55.5
101 8.4 0 1.2 237.5 47.8 11.5 55.2
102 9 0 2.4 258.33 54.8 11.5 55.1
103 9.1 0 1.5 116.67 70.5 10 55
104 9.1 0 1.3 133.33 58.5 9.3 55
105 10 0 2.3 112.5 76 7.5 54.9
106 8.4 0 2 154.17 60.3 10.8 54.7
107 8.1 0.8 2.5 154.17 75.8 10.5 54.7
108 4.8 0 2.4 191.67 59.8 10.5 54.5
109 4.3 0 3.3 291.67 38.3 12 54.5
110 4.2 0 1.2 279.17 39 12 54.5
111 8.2 0 1.2 220.83 45.5 10.5 54.5
112 9.3 0 1.7 95.833 67 7.5 54.5
113 5.9 0 1.4 195.83 57.3 9.8 54.5
114 8 0 1.2 262.5 45.5 11.8 54.5
115 7.1 0 2.2 216.67 45.3 10.5 54.5
116 3.6 2.2 2.2 191.67 75.3 11.5 54.2
117 4.7 0 2 241.67 54.3 12.5 54.2
118 7.7 1.8 1.4 187.5 70.8 11 54.4
119 8.5 0 1.9 287.5 43.8 12 54.5
120 10.9 5 3.2 195.83 39 10 54.4
121 9.8 0.8 1.9 166.67 62.3 11.3 54.5
122 9.1 0.2 1.5 208.33 53.8 11.3 54.5
123 8.7 13.6 1.5 70.833 86.8 4.3 55
124 10.4 0.2 2.4 191.67 81.5 10 55.9
125 10.7 0 2.6 233.33 74 11.8 56.1
126 9.8 10.4 1.8 54.167 85.8 4.5 56.6
127 10 4.6 2.4 87.5 94.3 6.3 57.5
128 8.6 0.2 2.2 91.667 79.5 7 57.5
129 8.5 0 2.6 312.5 64.8 13 57.5
130 10.8 0 1.9 312.5 52.8 13.3 57.5
131 14.2 0.6 1.8 212.5 59.8 11.5 57.5
132 14.5 9.6 1.6 208.33 60 11.3 57.8
133 14.2 0 1.4 195.83 64.3 12.8 58.3
134 12.8 1.2 1.3 195.83 68.8 11.3 58
135 14.8 0 1.1 250 60.5 12 57.9
136 19.8 0 1.3 266.67 50.8 12.5 57.9
137 19.9 4.4 1.6 275 45.8 11.8 58
138 15.1 18.4 1.9 129.17 84.8 9 58.5
139 11.5 0.2 1.9 237.5 63.3 10.8 58.8
140 11.6 0 1.1 225 58.3 11.5 58.5
141 13.9 0 1.3 320.83 55.5 13 58.5
142 15.9 0 1.2 287.5 57.5 13.3 58.5
143 16.5 0 1.9 304.17 69.8 13 58.1
144 17.3 0 1.3 250 74.8 11.8 57.9
145 17.4 0 2 329.17 58.8 13.5 57.8
146 18.9 0 2.2 333.33 52 13.5 57.1
147 20.2 0 1.6 287.5 55.8 12.8 57
148 21 0 1.3 270.83 68.5 11.8 57
149 22.5 0 1.3 254.17 58.5 13.3 56.7
150 17.3 0 1.9 204.17 65.8 11.3 56.3
151 15.2 0 1.1 262.5 67.5 13.5 56
152 18.4 0 1 308.33 52.3 13.3 55.7
153 18.7 0.4 1 200 59.5 10.3 55
154 14.6 0.2 1.3 100 84.5 8.5 54.6
155 13.6 0 1.7 270.83 52 13.3 54.1
156 16.5 0 1.3 250 52 12 53.5
157 13.1 14.2 3.4 241.67 73 12.5 53.6
158 13.5 0 2.6 266.67 60.3 12.8 53
159 17.8 0 1.3 300 56.8 13.3 53
160 16.6 22 2 279.17 58 12.3 55.5
161 18.3 0 1.1 320.83 52.3 13 55.1
162 19.8 0 1.3 279.17 48.5 12.3 55
163 14.6 0 2 229.17 65.5 13 54.3
164 14.8 0 1.1 300 62.5 13.8 53.9
165 19.1 0 1.3 325 54.5 13.8 53.5
166 20.2 0 1.8 304.17 60 13 52.8
167 15.9 0 2 295.83 56.5 13.5 51.8
168 18.7 0 1 291.67 58.5 14 51
169 20.9 0 1.7 329.17 53 13.8 50.1
170 22.7 0 1 341.67 39.5 13.8 49.2
171 23.2 0 0.9 308.33 38.5 13.8 48.3
172 25.4 0 1 291.67 40 13 47.5
173 23.4 0 1.7 291.67 47.8 12.8 46.9
174 16.5 0 2 212.5 62.3 10.8 45.9
175 18.5 0 1.7 300 52.8 13.8 45.1
176 19.3 0.4 2.2 241.67 57.3 12.8 45
177 19.1 0 1.4 312.5 53.3 12.5 44.2
178 19.1 0 1.5 158.33 80.8 10 44
179 18.3 0.2 1.8 187.5 62.3 11.5 43.7
180 16.2 0.4 1.3 233.33 54.3 12 43
181 16.5 0.4 1.6 250 63.3 12.3 43
182 16 9.6 2.1 141.67 90.8 9.3 43.5
183 15.9 1.4 1.6 162.5 83.8 10 43.9
184 15.9 0 1.7 254.17 66.5 12.5 43.5
185 18.8 0 1 316.67 52 13.8 43.5
186 21.7 0 1.3 316.67 45.3 13.3 43.4
187 22 24.8 1.8 162.5 49.8 8.8 43.4
188 22.7 0 1.5 325 41 13.8 45.5
189 20.6 0 1.5 325 51.3 13.3 45
190 21.5 0 1.5 275 46.8 11.8 44.1
191 18.2 12.2 1.6 166.67 89.3 9.8 44.3
192 17.4 0 1 166.67 67.3 10 44.5
193 17.9 1.8 2.2 154.17 91.5 10.5 44.5
194 16.8 0 1.2 245.83 47.5 13 43.9
195 16.5 0 2.1 208.33 54.5 13.8 43.5
196 17.4 0 1.3 241.67 49.5 11.8 43
197 20.5 0 1.5 220.83 67.8 12 43
198 19.7 0 1.7 225 57.3 10.3 42.5
199 24 0 2 279.17 42 12.8 42.5
200 23.4 4.6 1.5 195.83 60 9.5 42.4
201 18.5 1.8 1.8 170.83 89.3 11.8 42.5
202 17.4 0 1.5 279.17 47.3 12.3 42
203 16.5 3.8 1.5 187.5 59.8 9.8 42
204 15.3 0 1.8 150 61.5 9.5 41.6
205 15.7 1.6 3.1 141.67 89.3 8.5 41.4
206 16.6 3.8 3.2 204.17 79.8 10.3 41.5
207 16.7 0 1.2 187.5 55 10.8 41.5
208 17.7 0 2.5 166.67 63.3 11 41.5
209 17.5 0 1.4 145.83 57.3 10 41.4
210 21.8 0 1.7 208.33 64 12.3 41.4
211 20.6 0 2.4 212.5 54.8 11 41.1
