# Command: vsel -p soilevaporation vil.out
# this is soilevaporation
61.000000	0.003000
62.000000	0.003250
63.000000	0.002970
64.000000	0.003020
65.000000	0.003130
66.000000	0.002920
67.000000	0.003200
68.000000	0.003250
69.000000	0.003340
70.000000	0.003380
71.000000	0.003180
72.000000	0.003250
73.000000	0.003210
74.000000	0.003090
75.000000	0.003300
76.000000	0.003040
77.000000	0.003010
78.000000	0.003180
79.000000	0.003130
80.000000	0.003040
81.000000	0.002810
82.000000	0.002790
83.000000	0.002940
84.000000	0.003240
85.000000	0.003260
86.000000	0.003330
87.000000	0.003300
88.000000	0.003390
89.000000	0.003500
90.000000	0.003310
91.000000	0.003160
92.000000	0.003180
93.000000	0.003260
94.000000	0.003160
95.000000	0.003280
96.000000	0.003190
97.000000	0.003260
98.000000	0.003580
99.000000	0.003600
100.000000	0.003420
101.000000	0.003280
102.000000	0.003290
103.000000	0.003330
104.000000	0.003270
105.000000	0.003210
106.000000	0.003270
107.000000	0.003200
108.000000	0.003210
109.000000	0.003030
110.000000	0.003000
111.000000	0.003210
112.000000	0.003410
113.000000	0.003360
114.000000	0.003330
115.000000	0.003020
116.000000	0.002880
117.000000	0.002850
118.000000	0.006420
119.000000	0.010410
120.000000	0.003140
121.000000	0.005960
122.000000	0.006620
123.000000	0.006900
124.000000	0.009260
125.000000	0.007240
126.000000	0.005800
127.000000	0.004930
128.000000	0.009600
129.000000	0.009780
130.000000	0.004660
131.000000	0.005700
132.000000	0.008650
133.000000	0.008070
134.000000	0.009670
135.000000	0.011780
136.000000	0.012640
137.000000	0.005330
138.000000	0.001130
139.000000	0.006610
140.000000	0.007560
141.000000	0.012320
142.000000	0.008270
143.000000	0.010590
144.000000	0.013630
145.000000	0.014380
146.000000	0.014240
147.000000	0.011340
148.000000	0.012570
149.000000	0.003560
150.000000	0.010730
151.000000	0.011550
152.000000	0.008820
153.000000	0.013050
154.000000	0.003080
155.000000	0.009760
156.000000	0.010000
157.000000	0.008930
158.000000	0.010030
159.000000	0.012540
160.000000	0.011340
161.000000	0.014090
162.000000	0.010880
163.000000	0.013910
164.000000	0.008680
165.000000	0.011170
166.000000	0.013780
167.000000	0.014010
168.000000	0.014770
169.000000	0.015320
170.000000	0.015450
171.000000	0.014170
172.000000	0.014140
173.000000	0.012580
174.000000	0.010530
175.000000	0.011720
176.000000	0.006780
177.000000	0.004240
178.000000	0.005900
179.000000	0.008540
180.000000	0.006310
181.000000	0.004260
182.000000	0.003540
183.000000	0.003040
184.000000	0.010270
185.000000	0.014250
186.000000	0.013300
187.000000	0.009760
188.000000	0.012740
189.000000	0.008850
190.000000	0.009000
191.000000	0.007340
192.000000	0.009750
193.000000	0.004270
194.000000	0.005320
195.000000	0.012800
196.000000	0.013510
197.000000	0.013860
198.000000	0.013880
199.000000	0.013270
200.000000	0.002770
201.000000	0.008790
202.000000	0.007570
203.000000	0.007150
204.000000	0.005040
205.000000	0.008260
206.000000	0.005930
