# Command: vsel -p soilevaporation vols.out
# this is soilevaporation
65.000000	0.000000
66.000000	0.000020
67.000000	0.000020
68.000000	0.000160
69.000000	0.002030
70.000000	0.002970
71.000000	0.002070
72.000000	0.001670
73.000000	0.002120
74.000000	0.003720
75.000000	0.003480
76.000000	0.001940
77.000000	0.002010
78.000000	0.000000
79.000000	0.000000
80.000000	0.003830
81.000000	0.004830
82.000000	0.003620
83.000000	0.004740
84.000000	0.003350
85.000000	0.004150
86.000000	0.005240
87.000000	0.005590
88.000000	0.001180
89.000000	0.002830
90.000000	0.005230
91.000000	0.002340
92.000000	0.005300
93.000000	0.006320
94.000000	0.005900
95.000000	0.004330
96.000000	0.003910
97.000000	0.001010
98.000000	0.004070
99.000000	0.007130
100.000000	0.003500
101.000000	0.004620
102.000000	0.000030
103.000000	0.003390
104.000000	0.002580
105.000000	0.004360
106.000000	0.005240
107.000000	0.006270
108.000000	0.005970
109.000000	0.004300
110.000000	0.005200
111.000000	0.003100
112.000000	0.005170
113.000000	0.004820
114.000000	0.001940
115.000000	0.005580
116.000000	0.006280
117.000000	0.005340
118.000000	0.003320
119.000000	0.005400
120.000000	0.008950
121.000000	0.007060
122.000000	0.005200
123.000000	0.003580
124.000000	0.003530
125.000000	0.000880
126.000000	0.003880
127.000000	0.009380
128.000000	0.005920
129.000000	0.007570
130.000000	0.004230
131.000000	0.010010
132.000000	0.004020
133.000000	0.004190
134.000000	0.009990
135.000000	0.009270
136.000000	0.002330
137.000000	0.007500
138.000000	0.007990
139.000000	0.002640
140.000000	0.009760
141.000000	0.010810
142.000000	0.011450
143.000000	0.008920
144.000000	0.005730
145.000000	0.008880
146.000000	0.010270
147.000000	0.013090
148.000000	0.010590
149.000000	0.005950
150.000000	0.005790
151.000000	0.007930
152.000000	0.011150
153.000000	0.012400
154.000000	0.004780
155.000000	0.008150
156.000000	0.010310
157.000000	0.007350
158.000000	0.001420
159.000000	0.003250
160.000000	0.005190
161.000000	0.009220
162.000000	0.011650
163.000000	0.008370
164.000000	0.002620
165.000000	0.011140
166.000000	0.008450
167.000000	0.007970
168.000000	0.009530
169.000000	0.012480
170.000000	0.010890
171.000000	0.011350
172.000000	0.010630
173.000000	0.006510
174.000000	0.004600
175.000000	0.003730
176.000000	0.005700
177.000000	0.009650
178.000000	0.008980
179.000000	0.006200
180.000000	0.006370
181.000000	0.000360
182.000000	0.005410
183.000000	0.006330
184.000000	0.007240
185.000000	0.007040
186.000000	0.008060
187.000000	0.011600
188.000000	0.006530
189.000000	0.008430
190.000000	0.012110
191.000000	0.003860
192.000000	0.004450
193.000000	0.001820
194.000000	0.008030
195.000000	0.008120
196.000000	0.008350
197.000000	0.000870
198.000000	0.009030
199.000000	0.006980
200.000000	0.009330
201.000000	0.003060
202.000000	0.011610
203.000000	0.002600
204.000000	0.004660
205.000000	0.005250
206.000000	0.001370
207.000000	0.009700
208.000000	0.002930
209.000000	0.006370
210.000000	0.004990
