# Command: vsel -p rootextract vols.out
# this is rootextract
65.000000	0.000000
66.000000	0.022030
67.000000	0.022030
68.000000	0.022030
69.000000	0.057140
70.000000	0.154040
71.000000	0.289700
72.000000	0.289700
73.000000	0.438230
74.000000	0.610630
75.000000	0.946230
76.000000	0.946230
77.000000	0.946230
78.000000	0.946230
79.000000	0.946230
80.000000	0.946230
81.000000	1.215460
82.000000	1.460720
83.000000	1.796540
84.000000	1.959420
85.000000	2.215670
86.000000	2.588670
87.000000	3.117120
88.000000	3.117120
89.000000	3.117120
90.000000	3.710870
91.000000	3.710870
92.000000	3.989980
93.000000	4.411810
94.000000	4.801690
95.000000	5.069740
96.000000	5.360900
97.000000	5.436380
98.000000	5.686530
99.000000	6.142530
100.000000	6.508800
101.000000	6.508800
102.000000	6.508800
103.000000	6.508800
104.000000	6.704460
105.000000	6.704460
106.000000	6.704460
107.000000	6.704460
108.000000	6.704460
109.000000	7.090340
110.000000	7.471840
111.000000	7.471840
112.000000	7.471840
113.000000	7.471840
114.000000	7.471840
115.000000	7.471840
116.000000	7.833030
117.000000	7.833030
118.000000	7.833030
119.000000	7.833030
120.000000	8.332900
121.000000	8.870850
122.000000	8.870850
123.000000	9.197160
124.000000	9.629240
125.000000	9.629240
126.000000	9.884080
127.000000	10.364920
128.000000	10.833270
129.000000	11.264590
130.000000	11.264590
131.000000	11.794330
132.000000	12.135580
133.000000	12.135580
134.000000	12.135580
135.000000	12.135580
136.000000	12.135580
137.000000	12.700380
138.000000	12.994600
139.000000	12.994600
140.000000	12.994600
141.000000	13.546970
142.000000	14.363360
143.000000	14.856470
144.000000	15.216840
145.000000	15.547240
146.000000	15.905600
147.000000	16.517270
148.000000	16.857740
149.000000	17.137550
150.000000	17.137550
151.000000	17.422140
152.000000	17.685210
153.000000	18.067040
154.000000	18.242610
155.000000	18.242610
156.000000	18.487530
157.000000	18.487530
158.000000	18.487530
159.000000	18.487530
160.000000	18.487530
161.000000	18.801820
162.000000	19.210800
163.000000	19.210800
164.000000	19.396840
165.000000	19.652550
166.000000	19.652550
167.000000	19.652550
168.000000	19.910510
169.000000	20.211150
170.000000	20.569670
171.000000	20.818820
172.000000	21.004060
173.000000	21.004060
174.000000	21.004060
175.000000	21.004060
176.000000	21.004060
177.000000	21.314890
178.000000	21.714070
179.000000	21.714070
180.000000	21.714070
181.000000	21.714070
182.000000	21.714070
183.000000	21.714070
184.000000	21.714070
185.000000	21.714070
186.000000	21.714070
187.000000	22.448000
188.000000	22.448000
189.000000	22.895620
190.000000	23.576520
191.000000	23.576520
192.000000	23.576520
193.000000	23.576520
194.000000	24.110430
195.000000	24.110430
196.000000	24.559900
197.000000	24.559900
198.000000	25.111740
199.000000	25.660890
200.000000	25.660890
201.000000	25.660890
202.000000	26.216830
203.000000	26.216830
204.000000	26.216830
205.000000	26.670960
206.000000	26.670960
207.000000	26.670960
208.000000	27.156450
209.000000	27.156450
210.000000	27.156450
