# Command: vsel -p ra -p volact fiji.out
# this is ra
33056.000000	7.000000
33057.000000	7.000000
33058.000000	7.000000
33059.000000	7.000000
33060.000000	7.000000
33061.000000	7.000000
33062.000000	7.000000
33063.000000	7.000000
33064.000000	7.000000
33065.000000	7.000000
33066.000000	7.000000
33067.000000	7.000000
33068.000000	7.000000
33069.000000	7.000000
33070.000000	7.000000
33071.000000	7.000000
33072.000000	7.000000
33073.000000	7.000000
33074.000000	7.000000
33075.000000	7.000000
33076.000000	7.000000
33077.000000	7.000000
33078.000000	7.000000
33079.000000	7.000000
33080.000000	7.000000
33081.000000	7.000000
33082.000000	7.000000
33083.000000	7.000000
33084.000000	7.000000
33085.000000	7.000000
33086.000000	7.000000
33087.000000	7.000000
33088.000000	7.000000
33089.000000	7.000000
33090.000000	7.000000
33091.000000	7.000000
33092.000000	7.000000
33093.000000	7.000000
33094.000000	7.000000
33095.000000	7.000000
33096.000000	7.000000
33097.000000	7.000000
33098.000000	7.000000
33099.000000	7.000000
33100.000000	7.000000
33101.000000	7.000000
33102.000000	7.000000
33103.000000	7.000000
33104.000000	7.000000
33105.000000	7.000000
33106.000000	7.000000
33107.000000	7.000000
33108.000000	7.000000
33109.000000	7.000000
33110.000000	7.000000
33111.000000	7.000000
33112.000000	7.000000
33113.000000	7.000000
33114.000000	7.000000
33115.000000	7.000000
33116.000000	7.000000
# this is volact
33056.000000	69.237990
33057.000000	68.945400
33058.000000	68.585490
33059.000000	68.282200
33060.000000	68.422500
33061.000000	68.210800
33062.000000	67.959020
33063.000000	67.963850
33064.000000	67.581700
33065.000000	67.161040
33066.000000	66.785360
33067.000000	66.534140
33068.000000	66.239950
33069.000000	65.994040
33070.000000	66.945280
33071.000000	69.129970
33072.000000	69.322670
33073.000000	69.632840
33074.000000	69.650320
33075.000000	69.165850
33076.000000	68.742050
33077.000000	68.284100
33078.000000	67.972000
33079.000000	67.989270
33080.000000	68.505490
33081.000000	68.536950
33082.000000	68.579970
33083.000000	68.100030
33084.000000	67.726590
33085.000000	67.868300
33086.000000	67.885640
33087.000000	67.891870
33088.000000	67.381830
33089.000000	66.860330
33090.000000	66.532040
33091.000000	66.171150
33092.000000	65.865390
33093.000000	65.560290
33094.000000	65.289220
33095.000000	65.294480
33096.000000	64.976560
33097.000000	64.730640
33098.000000	64.421600
33099.000000	64.077510
33100.000000	63.891320
33101.000000	63.895560
33102.000000	63.900580
33103.000000	63.904000
33104.000000	63.653410
33105.000000	65.237890
33106.000000	70.759960
33107.000000	70.968480
33108.000000	70.631040
33109.000000	70.394760
33110.000000	72.701920
33111.000000	73.038420
33112.000000	73.588000
33113.000000	73.642610
33114.000000	73.969300
33115.000000	78.878450
33116.000000	79.244870
